-0.6171875
-0.458984375
-0.578125
-0.609375
-0.3671875
-1.3125
-0.90625
-1.3125
-1.5859375
-1.6875
-0.9921875
-1.8515625
-1.2265625
-1.9453125
-1.5234375
-0.85546875
-1.7578125
-1.7109375
-1.546875
-1.7578125
-1.109375
-2.5
-1.703125
-1.8515625
-1.734375
-0.9765625
-1.078125
-1.671875
-2.375
-1.3984375
-2.046875
-3.0
-1.5625
-1.6328125
-1.6171875
-2.28125
-2.734375
-1.4765625
-1.9140625
-2.109375
-1.6328125
-2.03125
-1.625
-1.703125
-1.2421875
-1.578125
-1.8203125
-1.1484375
-1.7578125
-1.5390625
-1.0625
-9.125
-1.6015625
-1.1953125
-1.390625
-1.2265625
-1.8125
-2.21875
-1.640625
-1.7578125
-2.140625
-0.828125
-2.125
-1.5625
-0.96875
-1.703125
-6.40625
-2.453125
-2.421875
-1.40625
-2.421875
-1.7578125
-0.98828125
-1.1640625
-1.2421875
-1.8359375
-0.921875
-1.9609375
-2.4375
-2.03125
-1.9296875
-1.6796875
-6.0
-1.28125
-1.015625
-1.8828125
-2.015625
-1.4375
-1.859375
-2.234375
-1.40625
-1.375
-1.15625
-1.453125
-1.4609375
-1.328125
-1.703125
-6.25
-1.1953125
-1.34375
-1.90625
-1.109375
-1.375
-1.9609375
-1.9453125
-3.34375
-1.375
-1.3359375
-2.46875
-0.96484375
-1.7109375
-1.28125
-3.609375
-0.8515625
-1.6796875
-1.7265625
-1.3203125
-0.90234375
-1.2265625
-1.4453125
-1.8125
-2.359375
-2.453125
-1.96875
-2.0
-1.2578125
-1.453125
-1.203125
-2.21875
-1.1796875
-1.3828125
-1.8203125
-1.078125
-1.4296875
-2.359375
-1.265625
-1.2109375
-1.6875
-2.609375
-1.03125
-3.515625
-1.6953125
-1.7734375
-1.5625
-1.5390625
-6.75
-0.96484375
-2.046875
-1.3046875
-1.453125
-1.4765625
-1.7421875
-1.7421875
-1.8359375
-1.0625
-1.3984375
-1.6484375
-7.9375
-1.40625
-7.75
-2.609375
-1.125
-2.03125
-1.1796875
-1.125
-1.53125
-1.9609375
-1.28125
-1.375
-1.296875
-0.9921875
-1.984375
-1.015625
-1.15625
-1.765625
-1.890625
-1.859375
-1.1328125
-1.546875
-2.03125
-1.5078125
-1.4765625
-2.34375
-1.0078125
-2.859375
-1.234375
-1.84375
-2.359375
-0.921875
-1.390625
-1.421875
-2.1875
-1.546875
-1.109375
-1.2890625
-1.71875
-2.390625
-1.625
-1.5390625
-0.80078125
-1.5234375
-0.95703125
-2.9375
-2.265625
-1.421875
-1.6796875
-1.1328125
-1.8515625
-2.0
-6.1875
-1.078125
-2.28125
-1.7890625
-2.015625
-1.46875
-1.90625
-1.6015625
-1.625
-0.94140625
-0.9921875
-1.796875
-1.625
-0.90625
-1.3984375
-1.5234375
-3.09375
-0.89453125
-1.3828125
-1.7734375
-1.2109375
-1.7421875
-1.328125
-1.4453125
-1.109375
-1.3984375
-1.8046875
-2.1875
-1.890625
-1.078125
-1.5546875
-1.015625
-1.0234375
-1.453125
-1.3828125
-2.796875
-2.40625
-1.21875
-1.25
-1.6171875
-1.328125
-2.125
-3.46875
-1.234375
-1.921875
-1.3984375
-1.453125
-0.99609375
-1.5703125
-1.34375
-1.4453125
-1.609375
-1.4609375
-2.234375
-2.078125
-1.6640625
-0.96875
-1.640625
-1.6015625
-8.625
-1.328125
-1.3203125
-1.359375
-1.859375
-1.3359375
-1.171875
-1.2890625
-1.375
-2.890625
-2.96875
-1.6328125
-3.28125
-1.859375
-0.88671875
-0.94921875
-1.421875
-2.28125
-1.390625
-2.078125
-1.6640625
-2.125
-1.453125
-1.7109375
-1.46875
-1.953125
-1.640625
-2.03125
-1.03125
-3.140625
-2.140625
-2.65625
-1.59375
-1.4375
-1.046875
-1.25
-2.328125
-2.859375
-1.15625
-1.6328125
-1.8828125
-1.203125
-2.75
-4.96875
-1.828125
-1.4609375
-1.390625
-3.046875
-1.65625
-1.4765625
-2.03125
-3.046875
-0.99609375
-1.453125
-1.828125
-1.6171875
-1.1171875
-1.59375
-1.4609375
-1.0859375
-1.8125
-1.453125
-1.3515625
-1.3515625
-3.171875
-1.46875
-1.34375
-1.4765625
-0.87109375
-1.9453125
-1.78125
-1.390625
-1.9296875
-1.3515625
-0.83203125
